0,243
0,447
0,446
0,445
0,444
0,443
0,442
0,441
0,440
0,439
0,438
0,437
0,436
0,435
0,434
0,433
0,432
40,5
40,4
40,3
40,2
40,1
40,0
0,415
0,414
0,413
0,412
0,411
0,410
0,409
0,408
0,407
0,406
0,405
39,4
39,3
39,2
0,404
39,1
39,0
38,3
38,2
0,403
38,1
38,0
0,402
0,401
37,5
0,278
0,400
0,399
0,398
0,273
0,270
37,4
37,3
37,2
37,1
37,0
36,3
36,2
36,1
36,0
0,397
0,396
35,4
35,3
35,2
0,395
35,1
35,0
0,394
34,5
0,393
0,386
34,4
34,3
34,2
34,1
34,0
33,52
33,51
33,50
33,49
33,48
33,47
33,46
33,45
33,44
33,43
33,42
33,41
33,40
33,39
33,38
33,37
33,36
33,35
3,2
3,1
3,3
10,64
10,22
10,216
10,138
10,32
10,244
10,144
10,1
10,178
10,2
10,3
11,6
11,8
11,12
11,2
11,3
12,2
12,1
12,3
20,2
20,1
20,3
19,2
